{"nodes": {"node0": {"name": "Node 0", "size": 8, "color": "green", "label": true}, "node1": {"name": "Node 1", "size": 8, "color": "green", "label": true}, "node2": {"name": "Node 2", "size": 8, "color": "Blue", "label": true}, "node3": {"name": "Node 3", "size": 8, "color": "Blue", "label": true}, "node4": {"name": "Node 4", "size": 8, "color": "Blue", "label": true}, "node5": {"name": "Node 5", "size": 8, "color": "Blue", "label": true}, "node6": {"name": "Node 6", "size": 8, "color": "Blue", "label": true}, "node7": {"name": "Node 7", "size": 8, "color": "Blue", "label": true}, "node8": {"name": "Node 8", "size": 8, "color": "Blue", "label": true}, "node9": {"name": "Node 9", "size": 8, "color": "Blue", "label": true}, "node10": {"name": "Node 10", "size": 8, "color": "Blue", "label": true}, "node11": {"name": "Node 11", "size": 8, "color": "Blue", "label": true}, "node12": {"name": "Node 12", "size": 8, "color": "Blue", "label": true}, "node13": {"name": "Node 13", "size": 8, "color": "Blue", "label": true}, "node14": {"name": "Node 14", "size": 8, "color": "Blue", "label": true}, "node15": {"name": "Node 15", "size": 8, "color": "Blue", "label": true}, "node16": {"name": "Node 16", "size": 8, "color": "Blue", "label": true}, "node17": {"name": "Node 17", "size": 8, "color": "Blue", "label": true}, "node18": {"name": "Node 18", "size": 8, "color": "Blue", "label": true}, "node19": {"name": "Node 19", "size": 8, "color": "Blue", "label": true}, "node20": {"name": "Node 20", "size": 8, "color": "Blue", "label": true}, "node21": {"name": "Node 21", "size": 8, "color": "Blue", "label": true}, "node22": {"name": "Node 22", "size": 8, "color": "Blue", "label": true}, "node23": {"name": "Node 23", "size": 8, "color": "Blue", "label": true}, "node24": {"name": "Node 24", "size": 8, "color": "Blue", "label": true}, "node25": {"name": "Node 25", "size": 8, "color": "Blue", "label": true}, "node26": {"name": "Node 26", "size": 8, "color": "Blue", "label": true}, "node27": {"name": "Node 27", "size": 8, "color": "Blue", "label": true}, "node28": {"name": "Node 28", "size": 8, "color": "Blue", "label": true}, "node29": {"name": "Node 29", "size": 8, "color": "Blue", "label": true}, "node30": {"name": "Node 30", "size": 8, "color": "Blue", "label": true}, "node31": {"name": "Node 31", "size": 8, "color": "Blue", "label": true}, "node32": {"name": "Node 32", "size": 8, "color": "Blue", "label": true}, "node33": {"name": "Node 33", "size": 8, "color": "Blue", "label": true}, "node34": {"name": "Node 34", "size": 8, "color": "Blue", "label": true}, "node35": {"name": "Node 35", "size": 8, "color": "Blue", "label": true}, "node36": {"name": "Node 36", "size": 8, "color": "Blue", "label": true}, "node37": {"name": "Node 37", "size": 8, "color": "Blue", "label": true}, "node38": {"name": "Node 38", "size": 8, "color": "Blue", "label": true}, "node39": {"name": "Node 39", "size": 8, "color": "Blue", "label": true}, "node40": {"name": "Node 40", "size": 8, "color": "Blue", "label": true}, "node41": {"name": "Node 41", "size": 8, "color": "Blue", "label": true}, "node42": {"name": "Node 42", "size": 8, "color": "Blue", "label": true}, "node43": {"name": "Node 43", "size": 8, "color": "Blue", "label": true}, "node44": {"name": "Node 44", "size": 8, "color": "Blue", "label": true}, "node45": {"name": "Node 45", "size": 8, "color": "Blue", "label": true}, "node46": {"name": "Node 46", "size": 8, "color": "Blue", "label": true}, "node47": {"name": "Node 47", "size": 8, "color": "Blue", "label": true}, "node48": {"name": "Node 48", "size": 8, "color": "Blue", "label": true}, "node49": {"name": "Node 49", "size": 8, "color": "Blue", "label": true}, "node50": {"name": "Node 50", "size": 8, "color": "Blue", "label": true}, "node51": {"name": "Node 51", "size": 8, "color": "Blue", "label": true}, "node52": {"name": "Node 52", "size": 8, "color": "Blue", "label": true}, "node53": {"name": "Node 53", "size": 8, "color": "Blue", "label": true}, "node54": {"name": "Node 54", "size": 8, "color": "Blue", "label": true}, "node55": {"name": "Node 55", "size": 8, "color": "Blue", "label": true}, "node56": {"name": "Node 56", "size": 8, "color": "Blue", "label": true}, "node57": {"name": "Node 57", "size": 8, "color": "Blue", "label": true}, "node58": {"name": "Node 58", "size": 8, "color": "Blue", "label": true}, "node59": {"name": "Node 59", "size": 8, "color": "Blue", "label": true}, "node60": {"name": "Node 60", "size": 8, "color": "Blue", "label": true}, "node61": {"name": "Node 61", "size": 8, "color": "Blue", "label": true}, "node62": {"name": "Node 62", "size": 8, "color": "Blue", "label": true}, "node63": {"name": "Node 63", "size": 8, "color": "Blue", "label": true}, "node64": {"name": "Node 64", "size": 8, "color": "Blue", "label": true}, "node65": {"name": "Node 65", "size": 8, "color": "Blue", "label": true}, "node66": {"name": "Node 66", "size": 8, "color": "Blue", "label": true}, "node67": {"name": "Node 67", "size": 8, "color": "Blue", "label": true}, "node68": {"name": "Node 68", "size": 8, "color": "Blue", "label": true}, "node69": {"name": "Node 69", "size": 8, "color": "Blue", "label": true}, "node70": {"name": "Node 70", "size": 8, "color": "Blue", "label": true}, "node71": {"name": "Node 71", "size": 8, "color": "Blue", "label": true}, "node72": {"name": "Node 72", "size": 8, "color": "Blue", "label": true}, "node73": {"name": "Node 73", "size": 8, "color": "Blue", "label": true}, "node74": {"name": "Node 74", "size": 8, "color": "Blue", "label": true}, "node75": {"name": "Node 75", "size": 8, "color": "Blue", "label": true}, "node76": {"name": "Node 76", "size": 8, "color": "Blue", "label": true}, "node77": {"name": "Node 77", "size": 8, "color": "Blue", "label": true}, "node78": {"name": "Node 78", "size": 8, "color": "Blue", "label": true}, "node79": {"name": "Node 79", "size": 8, "color": "Blue", "label": true}, "node80": {"name": "Node 80", "size": 8, "color": "Blue", "label": true}, "node81": {"name": "Node 81", "size": 8, "color": "Blue", "label": true}, "node82": {"name": "Node 82", "size": 8, "color": "Blue", "label": true}, "node83": {"name": "Node 83", "size": 8, "color": "Blue", "label": true}, "node84": {"name": "Node 84", "size": 8, "color": "Blue", "label": true}, "node85": {"name": "Node 85", "size": 8, "color": "Blue", "label": true}, "node86": {"name": "Node 86", "size": 8, "color": "Blue", "label": true}, "node87": {"name": "Node 87", "size": 8, "color": "Blue", "label": true}, "node88": {"name": "Node 88", "size": 8, "color": "Blue", "label": true}, "node89": {"name": "Node 89", "size": 8, "color": "Blue", "label": true}, "node90": {"name": "Node 90", "size": 8, "color": "Blue", "label": true}, "node91": {"name": "Node 91", "size": 8, "color": "Blue", "label": true}, "node92": {"name": "Node 92", "size": 8, "color": "Blue", "label": true}, "node93": {"name": "Node 93", "size": 8, "color": "Blue", "label": true}, "node94": {"name": "Node 94", "size": 8, "color": "Blue", "label": true}, "node95": {"name": "Node 95", "size": 8, "color": "Blue", "label": true}, "node96": {"name": "Node 96", "size": 8, "color": "Blue", "label": true}, "node97": {"name": "Node 97", "size": 8, "color": "Blue", "label": true}, "node98": {"name": "Node 98", "size": 8, "color": "Blue", "label": true}, "node99": {"name": "Node 99", "size": 8, "color": "Blue", "label": true}, "node100": {"name": "Node 100", "size": 8, "color": "Blue", "label": true}, "node101": {"name": "Node 101", "size": 8, "color": "Blue", "label": true}, "node102": {"name": "Node 102", "size": 8, "color": "Blue", "label": true}, "node103": {"name": "Node 103", "size": 8, "color": "Blue", "label": true}, "node104": {"name": "Node 104", "size": 8, "color": "Blue", "label": true}, "node105": {"name": "Node 105", "size": 8, "color": "Blue", "label": true}, "node106": {"name": "Node 106", "size": 8, "color": "Blue", "label": true}, "node107": {"name": "Node 107", "size": 8, "color": "Blue", "label": true}, "node108": {"name": "Node 108", "size": 8, "color": "Blue", "label": true}, "node109": {"name": "Node 109", "size": 8, "color": "Blue", "label": true}, "node110": {"name": "Node 110", "size": 8, "color": "Blue", "label": true}, "node111": {"name": "Node 111", "size": 8, "color": "Blue", "label": true}, "node112": {"name": "Node 112", "size": 8, "color": "Blue", "label": true}, "node113": {"name": "Node 113", "size": 8, "color": "Blue", "label": true}, "node114": {"name": "Node 114", "size": 8, "color": "Blue", "label": true}, "node115": {"name": "Node 115", "size": 8, "color": "Blue", "label": true}, "node116": {"name": "Node 116", "size": 8, "color": "Blue", "label": true}, "node117": {"name": "Node 117", "size": 8, "color": "Blue", "label": true}, "node118": {"name": "Node 118", "size": 8, "color": "Blue", "label": true}, "node119": {"name": "Node 119", "size": 8, "color": "Blue", "label": true}}, "edges": {"edge0": {"source": "node0", "target": "node2", "width": 3, "color": "Blue"}, "edge1": {"source": "node2", "target": "node3", "width": 3, "color": "Blue"}, "edge2": {"source": "node4", "target": "node10", "width": 3, "color": "Blue"}, "edge3": {"source": "node5", "target": "node10", "width": 3, "color": "Blue"}, "edge4": {"source": "node6", "target": "node10", "width": 3, "color": "Blue"}, "edge5": {"source": "node10", "target": "node7", "width": 3, "color": "Blue"}, "edge6": {"source": "node10", "target": "node8", "width": 3, "color": "Blue"}, "edge7": {"source": "node10", "target": "node9", "width": 3, "color": "Blue"}, "edge8": {"source": "node11", "target": "node10", "width": 3, "color": "Blue"}, "edge9": {"source": "node12", "target": "node13", "width": 3, "color": "Blue"}, "edge10": {"source": "node12", "target": "node11", "width": 3, "color": "Blue"}, "edge11": {"source": "node11", "target": "node14", "width": 3, "color": "Blue"}, "edge12": {"source": "node18", "target": "node14", "width": 3, "color": "Blue"}, "edge13": {"source": "node18", "target": "node15", "width": 3, "color": "Blue"}, "edge14": {"source": "node18", "target": "node16", "width": 3, "color": "Blue"}, "edge15": {"source": "node18", "target": "node17", "width": 3, "color": "Blue"}, "edge16": {"source": "node19", "target": "node14", "width": 3, "color": "Blue"}, "edge17": {"source": "node20", "target": "node19", "width": 3, "color": "Blue"}, "edge18": {"source": "node20", "target": "node14", "width": 3, "color": "Blue"}, "edge19": {"source": "node21", "target": "node19", "width": 3, "color": "Blue"}, "edge20": {"source": "node21", "target": "node14", "width": 3, "color": "Blue"}, "edge21": {"source": "node24", "target": "node23", "width": 3, "color": "Blue"}, "edge22": {"source": "node23", "target": "node22", "width": 3, "color": "Blue"}, "edge23": {"source": "node19", "target": "node22", "width": 3, "color": "Blue"}, "edge24": {"source": "node25", "target": "node19", "width": 3, "color": "Blue"}, "edge25": {"source": "node25", "target": "node0", "width": 3, "color": "Blue"}, "edge26": {"source": "node26", "target": "node25", "width": 3, "color": "Blue"}, "edge27": {"source": "node25", "target": "node27", "width": 3, "color": "Blue"}, "edge28": {"source": "node26", "target": "node19", "width": 3, "color": "Blue"}, "edge29": {"source": "node29", "target": "node0", "width": 3, "color": "Blue"}, "edge30": {"source": "node29", "target": "node28", "width": 3, "color": "Blue"}, "edge31": {"source": "node28", "target": "node0", "width": 3, "color": "Blue"}, "edge32": {"source": "node30", "target": "node25", "width": 3, "color": "Blue"}, "edge33": {"source": "node32", "target": "node25", "width": 3, "color": "Blue"}, "edge34": {"source": "node32", "target": "node30", "width": 3, "color": "Blue"}, "edge35": {"source": "node32", "target": "node31", "width": 3, "color": "Blue"}, "edge36": {"source": "node33", "target": "node32", "width": 3, "color": "Blue"}, "edge37": {"source": "node34", "target": "node32", "width": 3, "color": "Blue"}, "edge38": {"source": "node35", "target": "node36", "width": 3, "color": "Blue"}, "edge39": {"source": "node35", "target": "node34", "width": 3, "color": "Blue"}, "edge40": {"source": "node35", "target": "node32", "width": 3, "color": "Blue"}, "edge41": {"source": "node37", "target": "node34", "width": 3, "color": "Blue"}, "edge42": {"source": "node38", "target": "node39", "width": 3, "color": "Blue"}, "edge43": {"source": "node38", "target": "node34", "width": 3, "color": "Blue"}, "edge44": {"source": "node38", "target": "node32", "width": 3, "color": "Blue"}, "edge45": {"source": "node41", "target": "node34", "width": 3, "color": "Blue"}, "edge46": {"source": "node41", "target": "node40", "width": 3, "color": "Blue"}, "edge47": {"source": "node42", "target": "node41", "width": 3, "color": "Blue"}, "edge48": {"source": "node42", "target": "node34", "width": 3, "color": "Blue"}, "edge49": {"source": "node43", "target": "node42", "width": 3, "color": "Blue"}, "edge50": {"source": "node45", "target": "node44", "width": 3, "color": "Blue"}, "edge51": {"source": "node45", "target": "node43", "width": 3, "color": "Blue"}, "edge52": {"source": "node46", "target": "node45", "width": 3, "color": "Blue"}, "edge53": {"source": "node47", "target": "node1", "width": 3, "color": "Blue"}, "edge54": {"source": "node48", "target": "node1", "width": 3, "color": "Blue"}, "edge55": {"source": "node49", "target": "node48", "width": 3, "color": "Blue"}, "edge56": {"source": "node49", "target": "node47", "width": 3, "color": "Blue"}, "edge58": {"source": "node50", "target": "node49", "width": 3, "color": "Blue"}, "edge59": {"source": "node51", "target": "node50", "width": 3, "color": "Blue"}, "edge60": {"source": "node52", "target": "node50", "width": 3, "color": "Blue"}, "edge61": {"source": "node52", "target": "node51", "width": 3, "color": "Blue"}, "edge62": {"source": "node51", "target": "node45", "width": 3, "color": "Blue"}, "edge63": {"source": "node54", "target": "node50", "width": 3, "color": "Blue"}, "edge64": {"source": "node54", "target": "node53", "width": 3, "color": "Blue"}, "edge65": {"source": "node55", "target": "node50", "width": 3, "color": "Blue"}, "edge66": {"source": "node58", "target": "node56", "width": 3, "color": "Blue"}, "edge67": {"source": "node57", "target": "node58", "width": 3, "color": "Blue"}, "edge68": {"source": "node57", "target": "node56", "width": 3, "color": "Blue"}, "edge69": {"source": "node59", "target": "node58", "width": 3, "color": "Blue"}, "edge70": {"source": "node59", "target": "node55", "width": 3, "color": "Blue"}, "edge71": {"source": "node60", "target": "node55", "width": 3, "color": "Blue"}, "edge72": {"source": "node61", "target": "node55", "width": 3, "color": "Blue"}, "edge73": {"source": "node62", "target": "node55", "width": 3, "color": "Blue"}, "edge74": {"source": "node63", "target": "node55", "width": 3, "color": "Blue"}, "edge75": {"source": "node45", "target": "node50", "width": 3, "color": "Blue"}, "edge76": {"source": "node35", "target": "node31", "width": 3, "color": "Blue"}, "edge77": {"source": "node64", "target": "node0", "width": 3, "color": "Blue"}, "edge78": {"source": "node67", "target": "node66", "width": 3, "color": "Blue"}, "edge79": {"source": "node68", "target": "node67", "width": 3, "color": "Blue"}, "edge80": {"source": "node69", "target": "node67", "width": 3, "color": "Blue"}, "edge81": {"source": "node71", "target": "node70", "width": 3, "color": "Blue"}, "edge82": {"source": "node70", "target": "node67", "width": 3, "color": "Blue"}, "edge83": {"source": "node73", "target": "node70", "width": 3, "color": "Blue"}, "edge84": {"source": "node73", "target": "node72", "width": 3, "color": "Blue"}, "edge85": {"source": "node74", "target": "node73", "width": 3, "color": "Blue"}, "edge86": {"source": "node75", "target": "node74", "width": 3, "color": "Blue"}, "edge87": {"source": "node77", "target": "node70", "width": 3, "color": "Blue"}, "edge88": {"source": "node77", "target": "node76", "width": 3, "color": "Blue"}, "edge89": {"source": "node77", "target": "node65", "width": 3, "color": "Blue"}, "edge90": {"source": "node79", "target": "node78", "width": 3, "color": "Blue"}, "edge91": {"source": "node64", "target": "node80", "width": 3, "color": "Blue"}, "edge92": {"source": "node80", "target": "node77", "width": 3, "color": "Blue"}, "edge93": {"source": "node82", "target": "node81", "width": 3, "color": "Blue"}, "edge94": {"source": "node82", "target": "node80", "width": 3, "color": "Blue"}, "edge95": {"source": "node83", "target": "node80", "width": 3, "color": "Blue"}, "edge96": {"source": "node85", "target": "node84", "width": 3, "color": "Blue"}, "edge97": {"source": "node84", "target": "node83", "width": 3, "color": "Blue"}, "edge98": {"source": "node86", "target": "node83", "width": 3, "color": "Blue"}, "edge99": {"source": "node88", "target": "node64", "width": 3, "color": "Blue"}, "edge100": {"source": "node87", "target": "node64", "width": 3, "color": "Blue"}, "edge101": {"source": "node90", "target": "node89", "width": 3, "color": "Blue"}, "edge102": {"source": "node89", "target": "node83", "width": 3, "color": "Blue"}, "edge103": {"source": "node91", "target": "node83", "width": 3, "color": "Blue"}, "edge104": {"source": "node92", "target": "node91", "width": 3, "color": "Blue"}, "edge105": {"source": "node92", "target": "node83", "width": 3, "color": "Blue"}, "edge106": {"source": "node93", "target": "node83", "width": 3, "color": "Blue"}, "edge107": {"source": "node93", "target": "node91", "width": 3, "color": "Blue"}, "edge108": {"source": "node94", "target": "node91", "width": 3, "color": "Blue"}, "edge109": {"source": "node95", "target": "node91", "width": 3, "color": "Blue"}, "edge110": {"source": "node96", "target": "node91", "width": 3, "color": "Blue"}, "edge111": {"source": "node97", "target": "node96", "width": 3, "color": "Blue"}, "edge112": {"source": "node98", "target": "node96", "width": 3, "color": "Blue"}, "edge113": {"source": "node99", "target": "node96", "width": 3, "color": "Blue"}, "edge114": {"source": "node98", "target": "node41", "width": 3, "color": "Blue"}, "edge115": {"source": "node50", "target": "node41", "width": 3, "color": "Blue"}, "edge116": {"source": "node100", "target": "node96", "width": 3, "color": "Blue"}, "edge117": {"source": "node101", "target": "node96", "width": 3, "color": "Blue"}, "edge118": {"source": "node102", "target": "node101", "width": 3, "color": "Blue"}, "edge119": {"source": "node104", "target": "node103", "width": 3, "color": "Blue"}, "edge120": {"source": "node104", "target": "node101", "width": 3, "color": "Blue"}, "edge121": {"source": "node105", "target": "node104", "width": 3, "color": "Blue"}, "edge122": {"source": "node106", "target": "node104", "width": 3, "color": "Blue"}, "edge123": {"source": "node108", "target": "node107", "width": 3, "color": "Blue"}, "edge124": {"source": "node109", "target": "node101", "width": 3, "color": "Blue"}, "edge125": {"source": "node109", "target": "node108", "width": 3, "color": "Blue"}, "edge126": {"source": "node110", "target": "node109", "width": 3, "color": "Blue"}, "edge127": {"source": "node111", "target": "node109", "width": 3, "color": "Blue"}, "edge128": {"source": "node112", "target": "node113", "width": 3, "color": "Blue"}, "edge129": {"source": "node112", "target": "node109", "width": 3, "color": "Blue"}, "edge130": {"source": "node114", "target": "node109", "width": 3, "color": "Blue"}, "edge131": {"source": "node115", "target": "node109", "width": 3, "color": "Blue"}, "edge132": {"source": "node116", "target": "node109", "width": 3, "color": "Blue"}, "edge133": {"source": "node117", "target": "node109", "width": 3, "color": "Blue"}, "edge134": {"source": "node118", "target": "node117", "width": 3, "color": "Blue"}, "edge135": {"source": "node119", "target": "node117", "width": 3, "color": "Blue"}, "edge136": {"source": "node79", "target": "node82", "width": 3, "color": "Blue"}, "edge137": {"source": "node82", "target": "node83", "width": 3, "color": "Blue"}, "edge138": {"source": "node95", "target": "node96", "width": 3, "color": "Blue"}, "edge140": {"source": "node3", "target": "node11", "width": 3, "color": "Blue"}, "edge141": {"source": "node42", "target": "node45", "width": 3, "color": "Blue"}, "edge142": {"source": "node55", "target": "node58", "width": 3, "color": "Blue"}}, "layouts": {"nodes": {"node0": {"x": 259.235, "y": 316.193}, "node1": {"x": 57.761, "y": 182.351}, "node2": {"x": 302.021, "y": 298.055}, "node3": {"x": 327.873, "y": 295.807}, "node4": {"x": 350.127, "y": 314.015}, "node5": {"x": 371.933, "y": 314.24}, "node6": {"x": 389.917, "y": 314.24}, "node7": {"x": 361.592, "y": 280.071}, "node8": {"x": 376.654, "y": 280.071}, "node9": {"x": 392.165, "y": 279.621}, "node10": {"x": 373.956, "y": 297.155}, "node11": {"x": 348.33, "y": 284.566}, "node12": {"x": 383.622, "y": 255.343}, "node13": {"x": 362.042, "y": 249.949}, "node14": {"x": 347.205, "y": 249.948}, "node15": {"x": 377.553, "y": 223.871}, "node16": {"x": 377.328, "y": 200.268}, "node17": {"x": 369.235, "y": 172.843}, "node18": {"x": 347.88, "y": 218.701}, "node19": {"x": 310.788, "y": 248.824}, "node20": {"x": 330.794, "y": 231.515}, "node21": {"x": 312.48, "y": 264.733}, "node22": {"x": 313.485, "y": 221.623}, "node23": {"x": 313.262, "y": 197.345}, "node24": {"x": 313.486, "y": 173.518}, "node25": {"x": 258.064, "y": 248.096}, "node26": {"x": 276.361, "y": 226.44}, "node27": {"x": 258.254, "y": 188.215}, "node28": {"x": 214.245, "y": 295.095}, "node29": {"x": 214.245, "y": 318.483}, "node30": {"x": 216.76, "y": 272.712}, "node31": {"x": 205.946, "y": 194.25}, "node32": {"x": 205.694, "y": 248.319}, "node33": {"x": 188.385, "y": 291.569}, "node34": {"x": 143.158, "y": 245.074}, "node35": {"x": 169.48, "y": 208.332}, "node36": {"x": 169.481, "y": 169.102}, "node37": {"x": 137.543, "y": 197.016}, "node38": {"x": 150.871, "y": 272.713}, "node39": {"x": 150.62, "y": 312.699}, "node40": {"x": 99.569, "y": 199.28}, "node41": {"x": 89.592, "y": 245.472}, "node42": {"x": 110.132, "y": 263.659}, "node43": {"x": 111.137, "y": 284.28}, "node44": {"x": 83.977, "y": 263.911}, "node45": {"x": 78.948, "y": 284.784}, "node46": {"x": 104.347, "y": 309.177}, "node47": {"x": 58.389, "y": 227.585}, "node48": {"x": 23.631, "y": 183.051}, "node49": {"x": 23.63, "y": 226.769}, "node50": {"x": 30.691, "y": 246.593}, "node51": {"x": 34.221, "y": 270.76}, "node52": {"x": 3.536, "y": 269.946}, "node53": {"x": 1.092, "y": 180.608}, "node54": {"x": 0.277, "y": 216.452}, "node55": {"x": -26.606, "y": 247.136}, "node56": {"x": -27.42, "y": 168.931}, "node57": {"x": -23.075, "y": 206.405}, "node58": {"x": -58.919, "y": 183.052}, "node59": {"x": -77.113, "y": 214.28}, "node60": {"x": -82, "y": 256.097}, "node61": {"x": -50.773, "y": 264.515}, "node62": {"x": -53.76, "y": 307.69}, "node63": {"x": 17.385, "y": 312.306}, "node64": {"x": 240.873, "y": 80.873}, "node65": {"x": 311.627, "y": 90.939}, "node66": {"x": 369.881, "y": 114.583}, "node67": {"x": 347.264, "y": 77.232}, "node68": {"x": 377.42, "y": 87.17}, "node69": {"x": 373.136, "y": 67.809}, "node70": {"x": 345.894, "y": 46.05}, "node71": {"x": 377.076, "y": 45.193}, "node72": {"x": 378.276, "y": 12.811}, "node73": {"x": 350.178, "y": 10.241}, "node74": {"x": 352.233, "y": -23.34}, "node75": {"x": 380.332, "y": -23.34}, "node76": {"x": 316.082, "y": 0.133}, "node77": {"x": 302.376, "y": 46.564}, "node78": {"x": 266.224, "y": -31.22}, "node79": {"x": 277.19, "y": 2.361}, "node80": {"x": 261.862, "y": 44.793}, "node81": {"x": 248.833, "y": -21.279}, "node82": {"x": 238.522, "y": 6.887}, "node83": {"x": 195.016, "y": 44.61}, "node84": {"x": 198.537, "y": 20.717}, "node85": {"x": 197.782, "y": -7.448}, "node86": {"x": 216.393, "y": 82.835}, "node87": {"x": 211.363, "y": 116.282}, "node88": {"x": 226.2, "y": 117.791}, "node89": {"x": 194.903, "y": 69.378}, "node90": {"x": 195.702, "y": 108.331}, "node91": {"x": 133.976, "y": 44.409}, "node92": {"x": 154.552, "y": -7.529}, "node93": {"x": 164.14, "y": 89.154}, "node94": {"x": 128.783, "y": 91.751}, "node95": {"x": 111.404, "y": -3.334}, "node96": {"x": 76.446, "y": 44.608}, "node97": {"x": 92.028, "y": 89.353}, "node98": {"x": 79.242, "y": 31.937}, "node99": {"x": 54.872, "y": 95.746}, "node100": {"x": 56.602, "y": 24.522}, "node101": {"x": 11.909, "y": 45.114}, "node102": {"x": 24.462, "y": 89.734}, "node103": {"x": 27.152, "y": 25.453}, "node104": {"x": 2.103, "y": 6.821}, "node105": {"x": -12.104, "y": -24.853}, "node106": {"x": 9.09, "y": -26.251}, "node107": {"x": -26.311, "y": -8.084}, "node108": {"x": -25.146, "y": 20.097}, "node109": {"x": -40.719, "y": 46.34}, "node110": {"x": -19.09, "y": 91.132}, "node111": {"x": -67.534, "y": -5.988}, "node112": {"x": -65.205, "y": 26.385}, "node113": {"x": -85.002, "y": 25.919}, "node114": {"x": -79.179, "y": 45.25}, "node115": {"x": -79.18, "y": 76.924}, "node116": {"x": -45.176, "y": 84.843}, "node117": {"x": -59.15, "y": 89.967}, "node118": {"x": -51.93, "y": 116.751}, "node119": {"x": -84.303, "y": 114.189}}}, "graph_filter": {"exits": [0, 1], "edges": [[0, 2, 46.471806937109726], [2, 0, 46.471806937109726], [2, 3, 25.949555063622935], [3, 2, 25.949555063622935], [4, 10, 29.190423789318316], [10, 4, 29.190423789318316], [5, 10, 17.204352763181802], [10, 5, 17.204352763181802], [6, 10, 23.380563423493452], [10, 6, 23.380563423493452], [10, 7, 21.088659322014735], [7, 10, 21.088659322014735], [10, 8, 17.29572953072515], [8, 10, 17.29572953072515], [10, 9, 25.278624112083314], [9, 10, 25.278624112083314], [11, 10, 28.5512661190358], [10, 11, 28.5512661190358], [12, 13, 22.2439123357381], [13, 12, 22.2439123357381], [12, 11, 45.820399310787344], [11, 12, 45.820399310787344], [11, 14, 34.63627504510261], [14, 11, 34.63627504510261], [18, 14, 31.254289849555068], [14, 18, 31.254289849555068], [18, 15, 30.120023721770213], [15, 18, 30.120023721770213], [18, 16, 34.74133263131969], [16, 18, 34.74133263131969], [18, 17, 50.586482275406354], [17, 18, 50.586482275406354], [19, 14, 36.4343418356912], [14, 19, 36.4343418356912], [20, 19, 26.454517893925033], [19, 20, 26.454517893925033], [20, 14, 24.679878646379134], [14, 20, 24.679878646379134], [21, 19, 15.99872323030809], [19, 21, 15.99872323030809], [21, 14, 37.74151361564606], [14, 21, 37.74151361564606], [24, 23, 23.828052899890917], [23, 24, 23.828052899890917], [23, 22, 24.279024136072675], [22, 23, 24.279024136072675], [19, 22, 27.334377805247392], [22, 19, 27.334377805247392], [25, 19, 52.72902578276977], [19, 25, 52.72902578276977], [25, 0, 68.10706754808929], [0, 25, 68.10706754808929], [26, 25, 28.350706252225873], [25, 26, 28.350706252225873], [25, 27, 59.881301430413146], [27, 25, 59.881301430413146], [26, 19, 41.06411797421201], [19, 26, 41.06411797421201], [29, 0, 45.04824302900171], [0, 29, 45.04824302900171], [29, 28, 23.387999999999977], [28, 29, 23.387999999999977], [28, 0, 49.69130410846549], [0, 28, 49.69130410846549], [30, 25, 48.082927032367756], [25, 30, 48.082927032367756], [32, 25, 52.37047478303021], [25, 32, 52.37047478303021], [32, 30, 26.785720169523163], [30, 32, 26.785720169523163], [32, 31, 54.069587246436406], [31, 32, 54.069587246436406], [33, 32, 46.58501884726465], [32, 33, 46.58501884726465], [34, 32, 62.62013510844575], [32, 34, 62.62013510844575], [35, 36, 39.23000001274534], [36, 35, 39.23000001274534], [35, 34, 45.1975911747518], [34, 35, 45.1975911747518], [35, 32, 53.948252659377204], [32, 35, 53.948252659377204], [37, 34, 48.38491075738387], [34, 37, 48.38491075738387], [38, 39, 39.986787780465676], [39, 38, 39.986787780465676], [38, 34, 28.695029012008348], [34, 38, 28.695029012008348], [38, 32, 60.00523781304428], [32, 38, 60.00523781304428], [41, 34, 53.56747856675726], [34, 41, 53.56747856675726], [41, 40, 47.257183506848996], [40, 41, 47.257183506848996], [42, 41, 27.434623543981786], [41, 42, 27.434623543981786], [42, 34, 37.89615944921066], [34, 42, 37.89615944921066], [43, 42, 20.645475678704987], [42, 43, 20.645475678704987], [45, 44, 21.470281088052847], [44, 45, 21.470281088052847], [45, 43, 32.19294545393448], [43, 45, 32.19294545393448], [46, 45, 35.21544618487747], [45, 46, 35.21544618487747], [47, 1, 45.238359165646145], [1, 47, 45.238359165646145], [48, 1, 34.13717768064607], [1, 48, 34.13717768064607], [49, 48, 43.718000011436956], [48, 49, 43.718000011436956], [49, 47, 34.76857686187343], [47, 49, 34.76857686187343], [50, 49, 21.043970561659684], [49, 50, 21.043970561659684], [51, 50, 24.423447524868394], [50, 51, 24.423447524868394], [52, 50, 35.81559205150742], [50, 52, 35.81559205150742], [52, 51, 30.695794842290688], [51, 52, 30.695794842290688], [51, 45, 46.87405577715673], [45, 51, 46.87405577715673], [54, 50, 42.81928627382758], [50, 54, 42.81928627382758], [54, 53, 35.85326430047897], [53, 54, 35.85326430047897], [55, 50, 57.29957293034565], [50, 55, 57.29957293034565], [58, 56, 34.51940964153354], [56, 58, 34.51940964153354], [57, 58, 42.78031024899188], [58, 57, 42.78031024899188], [57, 56, 37.725054022492785], [56, 57, 37.725054022492785], [59, 58, 36.14152210408411], [58, 59, 36.14152210408411], [59, 55, 60.25341305685512], [55, 59, 60.25341305685512], [60, 55, 56.11412261632538], [55, 60, 56.11412261632538], [61, 55, 29.766987250979895], [55, 61, 29.766987250979895], [62, 55, 66.36359417632532], [55, 62, 66.36359417632532], [63, 55, 78.6278384606877], [55, 63, 78.6278384606877], [45, 50, 61.54096627450693], [50, 45, 61.54096627450693], [35, 31, 39.09055998575616], [31, 35, 39.09055998575616], [64, 0, 236.03530550322338], [0, 64, 236.03530550322338], [67, 66, 43.664927459003046], [66, 67, 43.664927459003046], [68, 67, 31.751349262669144], [67, 68, 31.751349262669144], [69, 67, 27.53458394455963], [67, 69, 27.53458394455963], [71, 70, 31.19377458724739], [70, 71, 31.19377458724739], [70, 67, 31.212081378850723], [67, 70, 31.212081378850723], [73, 70, 36.06434717279657], [70, 73, 36.06434717279657], [73, 72, 28.215288479829525], [72, 73, 28.215288479829525], [74, 73, 33.64381943240096], [73, 74, 33.64381943240096], [75, 74, 28.09899999999999], [74, 75, 28.09899999999999], [77, 70, 43.52103537371328], [70, 77, 43.52103537371328], [77, 76, 48.41169483709489], [76, 77, 48.41169483709489], [77, 65, 45.329037338112535], [65, 77, 45.329037338112535], [79, 78, 35.326147780362355], [78, 79, 35.326147780362355], [64, 80, 41.74092142011244], [80, 64, 41.74092142011244], [80, 77, 40.55268963952941], [77, 80, 40.55268963952941], [82, 81, 29.994004017469894], [81, 82, 29.994004017469894], [82, 80, 44.51539549414339], [80, 82, 44.51539549414339], [83, 80, 66.84625049320272], [80, 83, 66.84625049320272], [85, 84, 28.17511756852134], [84, 85, 28.17511756852134], [84, 83, 24.151043248688037], [83, 84, 24.151043248688037], [86, 83, 43.796423986439805], [83, 86, 43.796423986439805], [88, 64, 39.72701414654768], [64, 88, 39.72701414654768], [87, 64, 46.09378896337335], [64, 87, 46.09378896337335], [90, 89, 38.9611936418791], [89, 90, 38.9611936418791], [89, 83, 24.76825777078396], [83, 89, 24.76825777078396], [91, 83, 61.040330937831584], [83, 91, 61.040330937831584], [92, 91, 55.86526308897149], [91, 92, 55.86526308897149], [92, 83, 65.99856526470859], [83, 92, 65.99856526470859], [93, 83, 54.19866522341671], [83, 93, 54.19866522341671], [93, 91, 53.96278273958821], [91, 93, 53.96278273958821], [94, 91, 47.62596154409904], [91, 94, 47.62596154409904], [95, 91, 52.809934983864544], [91, 95, 52.809934983864544], [96, 91, 57.530344175921634], [91, 96, 57.530344175921634], [97, 96, 47.38052077594758], [96, 97, 47.38052077594758], [98, 96, 12.975818163029256], [96, 98, 12.975818163029256], [99, 96, 55.50254516686599], [96, 99, 55.50254516686599], [98, 41, 213.78568409741564], [41, 98, 213.78568409741564], [50, 41, 58.911666433737885], [41, 50, 58.911666433737885], [100, 96, 28.235292312990136], [96, 100, 28.235292312990136], [101, 96, 64.5389836068093], [96, 101, 64.5389836068093], [102, 101, 46.352154308079356], [101, 102, 46.352154308079356], [104, 103, 31.21864547029547], [103, 104, 31.21864547029547], [104, 101, 39.52861602687349], [101, 104, 39.52861602687349], [105, 104, 34.714278402409576], [104, 105, 34.714278402409576], [106, 104, 33.80200220401153], [104, 106, 33.80200220401153], [108, 107, 28.20507021795904], [107, 108, 28.20507021795904], [109, 101, 52.642278256169725], [101, 109, 52.642278256169725], [109, 108, 30.515788995207057], [108, 109, 30.515788995207057], [110, 109, 49.7406966678192], [109, 110, 49.7406966678192], [111, 109, 58.79850175812306], [109, 111, 58.79850175812306], [112, 113, 19.802483808855893], [113, 112, 19.802483808855893], [112, 109, 31.587437708684124], [109, 112, 31.587437708684124], [114, 109, 38.47544281746475], [109, 114, 38.47544281746475], [115, 109, 49.13888050210343], [109, 115, 49.13888050210343], [116, 109, 38.760106527201394], [109, 116, 38.760106527201394], [117, 109, 47.36049925834819], [109, 117, 47.36049925834819], [118, 117, 27.740062292648158], [117, 118, 27.740062292648158], [119, 117, 34.919603276669676], [117, 119, 34.919603276669676], [79, 82, 38.931977858824496], [82, 79, 38.931977858824496], [82, 83, 57.58295550768474], [83, 82, 57.58295550768474], [95, 96, 59.33377729421918], [96, 95, 59.33377729421918], [3, 11, 23.341999271699088], [11, 3, 23.341999271699088], [42, 45, 37.665733512039836], [45, 42, 37.665733512039836], [55, 58, 71.76969433542267], [58, 55, 71.76969433542267]], "node_coordinates": {"0": {"x": 259.235, "y": 316.193}, "1": {"x": 57.761, "y": 182.351}, "2": {"x": 302.021, "y": 298.055}, "3": {"x": 327.873, "y": 295.807}, "4": {"x": 350.127, "y": 314.015}, "5": {"x": 371.933, "y": 314.24}, "6": {"x": 389.917, "y": 314.24}, "7": {"x": 361.592, "y": 280.071}, "8": {"x": 376.654, "y": 280.071}, "9": {"x": 392.165, "y": 279.621}, "10": {"x": 373.956, "y": 297.155}, "11": {"x": 348.33, "y": 284.566}, "12": {"x": 383.622, "y": 255.343}, "13": {"x": 362.042, "y": 249.949}, "14": {"x": 347.205, "y": 249.948}, "15": {"x": 377.553, "y": 223.871}, "16": {"x": 377.328, "y": 200.268}, "17": {"x": 369.235, "y": 172.843}, "18": {"x": 347.88, "y": 218.701}, "19": {"x": 310.788, "y": 248.824}, "20": {"x": 330.794, "y": 231.515}, "21": {"x": 312.48, "y": 264.733}, "22": {"x": 313.485, "y": 221.623}, "23": {"x": 313.262, "y": 197.345}, "24": {"x": 313.486, "y": 173.518}, "25": {"x": 258.064, "y": 248.096}, "26": {"x": 276.361, "y": 226.44}, "27": {"x": 258.254, "y": 188.215}, "28": {"x": 214.245, "y": 295.095}, "29": {"x": 214.245, "y": 318.483}, "30": {"x": 216.76, "y": 272.712}, "31": {"x": 205.946, "y": 194.25}, "32": {"x": 205.694, "y": 248.319}, "33": {"x": 188.385, "y": 291.569}, "34": {"x": 143.158, "y": 245.074}, "35": {"x": 169.48, "y": 208.332}, "36": {"x": 169.481, "y": 169.102}, "37": {"x": 137.543, "y": 197.016}, "38": {"x": 150.871, "y": 272.713}, "39": {"x": 150.62, "y": 312.699}, "40": {"x": 99.569, "y": 199.28}, "41": {"x": 89.592, "y": 245.472}, "42": {"x": 110.132, "y": 263.659}, "43": {"x": 111.137, "y": 284.28}, "44": {"x": 83.977, "y": 263.911}, "45": {"x": 78.948, "y": 284.784}, "46": {"x": 104.347, "y": 309.177}, "47": {"x": 58.389, "y": 227.585}, "48": {"x": 23.631, "y": 183.051}, "49": {"x": 23.63, "y": 226.769}, "50": {"x": 30.691, "y": 246.593}, "51": {"x": 34.221, "y": 270.76}, "52": {"x": 3.536, "y": 269.946}, "53": {"x": 1.092, "y": 180.608}, "54": {"x": 0.277, "y": 216.452}, "55": {"x": -26.606, "y": 247.136}, "56": {"x": -27.42, "y": 168.931}, "57": {"x": -23.075, "y": 206.405}, "58": {"x": -58.919, "y": 183.052}, "59": {"x": -77.113, "y": 214.28}, "60": {"x": -82, "y": 256.097}, "61": {"x": -50.773, "y": 264.515}, "62": {"x": -53.76, "y": 307.69}, "63": {"x": 17.385, "y": 312.306}, "64": {"x": 240.873, "y": 80.873}, "65": {"x": 311.627, "y": 90.939}, "66": {"x": 369.881, "y": 114.583}, "67": {"x": 347.264, "y": 77.232}, "68": {"x": 377.42, "y": 87.17}, "69": {"x": 373.136, "y": 67.809}, "70": {"x": 345.894, "y": 46.05}, "71": {"x": 377.076, "y": 45.193}, "72": {"x": 378.276, "y": 12.811}, "73": {"x": 350.178, "y": 10.241}, "74": {"x": 352.233, "y": -23.34}, "75": {"x": 380.332, "y": -23.34}, "76": {"x": 316.082, "y": 0.133}, "77": {"x": 302.376, "y": 46.564}, "78": {"x": 266.224, "y": -31.22}, "79": {"x": 277.19, "y": 2.361}, "80": {"x": 261.862, "y": 44.793}, "81": {"x": 248.833, "y": -21.279}, "82": {"x": 238.522, "y": 6.887}, "83": {"x": 195.016, "y": 44.61}, "84": {"x": 198.537, "y": 20.717}, "85": {"x": 197.782, "y": -7.448}, "86": {"x": 216.393, "y": 82.835}, "87": {"x": 211.363, "y": 116.282}, "88": {"x": 226.2, "y": 117.791}, "89": {"x": 194.903, "y": 69.378}, "90": {"x": 195.702, "y": 108.331}, "91": {"x": 133.976, "y": 44.409}, "92": {"x": 154.552, "y": -7.529}, "93": {"x": 164.14, "y": 89.154}, "94": {"x": 128.783, "y": 91.751}, "95": {"x": 111.404, "y": -3.334}, "96": {"x": 76.446, "y": 44.608}, "97": {"x": 92.028, "y": 89.353}, "98": {"x": 79.242, "y": 31.937}, "99": {"x": 54.872, "y": 95.746}, "100": {"x": 56.602, "y": 24.522}, "101": {"x": 11.909, "y": 45.114}, "102": {"x": 24.462, "y": 89.734}, "103": {"x": 27.152, "y": 25.453}, "104": {"x": 2.103, "y": 6.821}, "105": {"x": -12.104, "y": -24.853}, "106": {"x": 9.09, "y": -26.251}, "107": {"x": -26.311, "y": -8.084}, "108": {"x": -25.146, "y": 20.097}, "109": {"x": -40.719, "y": 46.34}, "110": {"x": -19.09, "y": 91.132}, "111": {"x": -67.534, "y": -5.988}, "112": {"x": -65.205, "y": 26.385}, "113": {"x": -85.002, "y": 25.919}, "114": {"x": -79.179, "y": 45.25}, "115": {"x": -79.18, "y": 76.924}, "116": {"x": -45.176, "y": 84.843}, "117": {"x": -59.15, "y": 89.967}, "118": {"x": -51.93, "y": 116.751}, "119": {"x": -84.303, "y": 114.189}}, "dec_nodes": {"node0": 0, "node1": 1, "node2": 2, "node3": 3, "node4": 4, "node5": 5, "node6": 6, "node7": 7, "node8": 8, "node9": 9, "node10": 10, "node11": 11, "node12": 12, "node13": 13, "node14": 14, "node15": 15, "node16": 16, "node17": 17, "node18": 18, "node19": 19, "node20": 20, "node21": 21, "node22": 22, "node23": 23, "node24": 24, "node25": 25, "node26": 26, "node27": 27, "node28": 28, "node29": 29, "node30": 30, "node31": 31, "node32": 32, "node33": 33, "node34": 34, "node35": 35, "node36": 36, "node37": 37, "node38": 38, "node39": 39, "node40": 40, "node41": 41, "node42": 42, "node43": 43, "node44": 44, "node45": 45, "node46": 46, "node47": 47, "node48": 48, "node49": 49, "node50": 50, "node51": 51, "node52": 52, "node53": 53, "node54": 54, "node55": 55, "node56": 56, "node57": 57, "node58": 58, "node59": 59, "node60": 60, "node61": 61, "node62": 62, "node63": 63, "node64": 64, "node65": 65, "node66": 66, "node67": 67, "node68": 68, "node69": 69, "node70": 70, "node71": 71, "node72": 72, "node73": 73, "node74": 74, "node75": 75, "node76": 76, "node77": 77, "node78": 78, "node79": 79, "node80": 80, "node81": 81, "node82": 82, "node83": 83, "node84": 84, "node85": 85, "node86": 86, "node87": 87, "node88": 88, "node89": 89, "node90": 90, "node91": 91, "node92": 92, "node93": 93, "node94": 94, "node95": 95, "node96": 96, "node97": 97, "node98": 98, "node99": 99, "node100": 100, "node101": 101, "node102": 102, "node103": 103, "node104": 104, "node105": 105, "node106": 106, "node107": 107, "node108": 108, "node109": 109, "node110": 110, "node111": 111, "node112": 112, "node113": 113, "node114": 114, "node115": 115, "node116": 116, "node117": 117, "node118": 118, "node119": 119}}}