{"nodes": {"node0": {"name": "Node 0", "size": 8, "color": "green", "label": true}, "node1": {"name": "Node 1", "size": 8, "color": "green", "label": true}, "node2": {"name": "Node 2", "size": 8, "color": "Blue", "label": true}, "node3": {"name": "Node 3", "size": 8, "color": "Blue", "label": true}, "node4": {"name": "Node 4", "size": 8, "color": "Blue", "label": true}, "node5": {"name": "Node 5", "size": 8, "color": "Blue", "label": true}, "node6": {"name": "Node 6", "size": 8, "color": "Blue", "label": true}, "node7": {"name": "Node 7", "size": 8, "color": "Blue", "label": true}, "node8": {"name": "Node 8", "size": 8, "color": "Blue", "label": true}, "node9": {"name": "Node 9", "size": 8, "color": "Blue", "label": true}, "node10": {"name": "Node 10", "size": 8, "color": "Blue", "label": true}, "node11": {"name": "Node 11", "size": 8, "color": "Blue", "label": true}, "node12": {"name": "Node 12", "size": 8, "color": "Blue", "label": true}, "node13": {"name": "Node 13", "size": 8, "color": "Blue", "label": true}, "node14": {"name": "Node 14", "size": 8, "color": "Blue", "label": true}, "node15": {"name": "Node 15", "size": 8, "color": "Blue", "label": true}, "node16": {"name": "Node 16", "size": 8, "color": "Blue", "label": true}, "node17": {"name": "Node 17", "size": 8, "color": "Blue", "label": true}, "node18": {"name": "Node 18", "size": 8, "color": "Blue", "label": true}, "node19": {"name": "Node 19", "size": 8, "color": "Blue", "label": true}, "node20": {"name": "Node 20", "size": 8, "color": "Blue", "label": true}, "node21": {"name": "Node 21", "size": 8, "color": "Blue", "label": true}, "node22": {"name": "Node 22", "size": 8, "color": "Blue", "label": true}, "node23": {"name": "Node 23", "size": 8, "color": "Blue", "label": true}, "node24": {"name": "Node 24", "size": 8, "color": "Blue", "label": true}, "node25": {"name": "Node 25", "size": 8, "color": "Blue", "label": true}, "node26": {"name": "Node 26", "size": 8, "color": "Blue", "label": true}, "node27": {"name": "Node 27", "size": 8, "color": "Blue", "label": true}, "node28": {"name": "Node 28", "size": 8, "color": "Blue", "label": true}, "node29": {"name": "Node 29", "size": 8, "color": "Blue", "label": true}, "node30": {"name": "Node 30", "size": 8, "color": "Blue", "label": true}, "node31": {"name": "Node 31", "size": 8, "color": "Blue", "label": true}, "node32": {"name": "Node 32", "size": 8, "color": "Blue", "label": true}, "node33": {"name": "Node 33", "size": 8, "color": "Blue", "label": true}, "node34": {"name": "Node 34", "size": 8, "color": "Blue", "label": true}, "node35": {"name": "Node 35", "size": 8, "color": "Blue", "label": true}, "node36": {"name": "Node 36", "size": 8, "color": "Blue", "label": true}, "node37": {"name": "Node 37", "size": 8, "color": "Blue", "label": true}, "node38": {"name": "Node 38", "size": 8, "color": "Blue", "label": true}, "node39": {"name": "Node 39", "size": 8, "color": "Blue", "label": true}, "node40": {"name": "Node 40", "size": 8, "color": "Blue", "label": true}, "node41": {"name": "Node 41", "size": 8, "color": "Blue", "label": true}, "node42": {"name": "Node 42", "size": 8, "color": "Blue", "label": true}, "node43": {"name": "Node 43", "size": 8, "color": "Blue", "label": true}, "node44": {"name": "Node 44", "size": 8, "color": "Blue", "label": true}, "node45": {"name": "Node 45", "size": 8, "color": "Blue", "label": true}, "node46": {"name": "Node 46", "size": 8, "color": "Blue", "label": true}, "node47": {"name": "Node 47", "size": 8, "color": "Blue", "label": true}, "node48": {"name": "Node 48", "size": 8, "color": "Blue", "label": true}, "node49": {"name": "Node 49", "size": 8, "color": "Blue", "label": true}, "node50": {"name": "Node 50", "size": 8, "color": "Blue", "label": true}, "node51": {"name": "Node 51", "size": 8, "color": "Blue", "label": true}, "node52": {"name": "Node 52", "size": 8, "color": "Blue", "label": true}, "node53": {"name": "Node 53", "size": 8, "color": "Blue", "label": true}, "node54": {"name": "Node 54", "size": 8, "color": "Blue", "label": true}, "node55": {"name": "Node 55", "size": 8, "color": "Blue", "label": true}, "node56": {"name": "Node 56", "size": 8, "color": "Blue", "label": true}, "node57": {"name": "Node 57", "size": 8, "color": "Blue", "label": true}, "node58": {"name": "Node 58", "size": 8, "color": "Blue", "label": true}, "node59": {"name": "Node 59", "size": 8, "color": "Blue", "label": true}, "node60": {"name": "Node 60", "size": 8, "color": "Blue", "label": true}, "node61": {"name": "Node 61", "size": 8, "color": "Blue", "label": true}, "node62": {"name": "Node 62", "size": 8, "color": "Blue", "label": true}, "node63": {"name": "Node 63", "size": 8, "color": "Blue", "label": true}}, "edges": {"edge0": {"source": "node0", "target": "node2", "width": 3, "color": "Blue"}, "edge1": {"source": "node2", "target": "node3", "width": 3, "color": "Blue"}, "edge2": {"source": "node3", "target": "node11", "width": 3, "color": "Blue"}, "edge3": {"source": "node4", "target": "node10", "width": 3, "color": "Blue"}, "edge4": {"source": "node5", "target": "node10", "width": 3, "color": "Blue"}, "edge5": {"source": "node6", "target": "node10", "width": 3, "color": "Blue"}, "edge6": {"source": "node9", "target": "node10", "width": 3, "color": "Blue"}, "edge7": {"source": "node8", "target": "node10", "width": 3, "color": "Blue"}, "edge8": {"source": "node7", "target": "node10", "width": 3, "color": "Blue"}, "edge9": {"source": "node10", "target": "node11", "width": 3, "color": "Blue"}, "edge10": {"source": "node13", "target": "node12", "width": 3, "color": "Blue"}, "edge11": {"source": "node12", "target": "node11", "width": 3, "color": "Blue"}, "edge12": {"source": "node14", "target": "node11", "width": 3, "color": "Blue"}, "edge13": {"source": "node17", "target": "node18", "width": 3, "color": "Blue"}, "edge14": {"source": "node16", "target": "node18", "width": 3, "color": "Blue"}, "edge15": {"source": "node15", "target": "node18", "width": 3, "color": "Blue"}, "edge16": {"source": "node14", "target": "node18", "width": 3, "color": "Blue"}, "edge17": {"source": "node19", "target": "node14", "width": 3, "color": "Blue"}, "edge18": {"source": "node20", "target": "node19", "width": 3, "color": "Blue"}, "edge19": {"source": "node20", "target": "node14", "width": 3, "color": "Blue"}, "edge20": {"source": "node21", "target": "node19", "width": 3, "color": "Blue"}, "edge21": {"source": "node21", "target": "node14", "width": 3, "color": "Blue"}, "edge22": {"source": "node24", "target": "node23", "width": 3, "color": "Blue"}, "edge23": {"source": "node23", "target": "node22", "width": 3, "color": "Blue"}, "edge24": {"source": "node22", "target": "node19", "width": 3, "color": "Blue"}, "edge25": {"source": "node25", "target": "node19", "width": 3, "color": "Blue"}, "edge26": {"source": "node26", "target": "node25", "width": 3, "color": "Blue"}, "edge27": {"source": "node27", "target": "node25", "width": 3, "color": "Blue"}, "edge28": {"source": "node26", "target": "node19", "width": 3, "color": "Blue"}, "edge29": {"source": "node25", "target": "node0", "width": 3, "color": "Blue"}, "edge30": {"source": "node29", "target": "node0", "width": 3, "color": "Blue"}, "edge31": {"source": "node28", "target": "node0", "width": 3, "color": "Blue"}, "edge32": {"source": "node28", "target": "node29", "width": 3, "color": "Blue"}, "edge33": {"source": "node32", "target": "node25", "width": 3, "color": "Blue"}, "edge34": {"source": "node30", "target": "node32", "width": 3, "color": "Blue"}, "edge35": {"source": "node30", "target": "node25", "width": 3, "color": "Blue"}, "edge36": {"source": "node32", "target": "node31", "width": 3, "color": "Blue"}, "edge37": {"source": "node33", "target": "node32", "width": 3, "color": "Blue"}, "edge38": {"source": "node34", "target": "node32", "width": 3, "color": "Blue"}, "edge39": {"source": "node35", "target": "node31", "width": 3, "color": "Blue"}, "edge40": {"source": "node36", "target": "node35", "width": 3, "color": "Blue"}, "edge41": {"source": "node35", "target": "node32", "width": 3, "color": "Blue"}, "edge42": {"source": "node35", "target": "node34", "width": 3, "color": "Blue"}, "edge43": {"source": "node37", "target": "node34", "width": 3, "color": "Blue"}, "edge44": {"source": "node39", "target": "node38", "width": 3, "color": "Blue"}, "edge45": {"source": "node38", "target": "node34", "width": 3, "color": "Blue"}, "edge46": {"source": "node38", "target": "node32", "width": 3, "color": "Blue"}, "edge47": {"source": "node41", "target": "node34", "width": 3, "color": "Blue"}, "edge48": {"source": "node41", "target": "node40", "width": 3, "color": "Blue"}, "edge49": {"source": "node42", "target": "node41", "width": 3, "color": "Blue"}, "edge50": {"source": "node42", "target": "node34", "width": 3, "color": "Blue"}, "edge51": {"source": "node43", "target": "node42", "width": 3, "color": "Blue"}, "edge52": {"source": "node46", "target": "node45", "width": 3, "color": "Blue"}, "edge53": {"source": "node45", "target": "node43", "width": 3, "color": "Blue"}, "edge54": {"source": "node42", "target": "node45", "width": 3, "color": "Blue"}, "edge55": {"source": "node44", "target": "node45", "width": 3, "color": "Blue"}, "edge56": {"source": "node47", "target": "node1", "width": 3, "color": "Blue"}, "edge57": {"source": "node48", "target": "node1", "width": 3, "color": "Blue"}, "edge58": {"source": "node49", "target": "node47", "width": 3, "color": "Blue"}, "edge59": {"source": "node49", "target": "node48", "width": 3, "color": "Blue"}, "edge60": {"source": "node50", "target": "node41", "width": 3, "color": "Blue"}, "edge61": {"source": "node49", "target": "node50", "width": 3, "color": "Blue"}, "edge62": {"source": "node50", "target": "node45", "width": 3, "color": "Blue"}, "edge63": {"source": "node51", "target": "node45", "width": 3, "color": "Blue"}, "edge64": {"source": "node51", "target": "node50", "width": 3, "color": "Blue"}, "edge65": {"source": "node52", "target": "node51", "width": 3, "color": "Blue"}, "edge66": {"source": "node52", "target": "node50", "width": 3, "color": "Blue"}, "edge67": {"source": "node54", "target": "node53", "width": 3, "color": "Blue"}, "edge68": {"source": "node54", "target": "node50", "width": 3, "color": "Blue"}, "edge69": {"source": "node55", "target": "node50", "width": 3, "color": "Blue"}, "edge70": {"source": "node57", "target": "node56", "width": 3, "color": "Blue"}, "edge71": {"source": "node58", "target": "node57", "width": 3, "color": "Blue"}, "edge73": {"source": "node59", "target": "node58", "width": 3, "color": "Blue"}, "edge74": {"source": "node59", "target": "node55", "width": 3, "color": "Blue"}, "edge75": {"source": "node58", "target": "node55", "width": 3, "color": "Blue"}, "edge76": {"source": "node56", "target": "node58", "width": 3, "color": "Blue"}, "edge77": {"source": "node60", "target": "node55", "width": 3, "color": "Blue"}, "edge78": {"source": "node61", "target": "node55", "width": 3, "color": "Blue"}, "edge79": {"source": "node62", "target": "node55", "width": 3, "color": "Blue"}, "edge80": {"source": "node63", "target": "node55", "width": 3, "color": "Blue"}}, "layouts": {"nodes": {"node0": {"x": 246.752, "y": 143.576}, "node1": {"x": 82.995, "y": 38.148}, "node2": {"x": 280.475, "y": 129.493}, "node3": {"x": 302.512, "y": 127.694}, "node4": {"x": 319.376, "y": 142.085}, "node5": {"x": 335.791, "y": 142.31}, "node6": {"x": 350.182, "y": 142.422}, "node7": {"x": 328.034, "y": 116.226}, "node8": {"x": 339.502, "y": 115.776}, "node9": {"x": 350.295, "y": 115.214}, "node10": {"x": 337.028, "y": 129.83}, "node11": {"x": 317.24, "y": 114.877}, "node12": {"x": 344.561, "y": 98.349}, "node13": {"x": 328.258, "y": 94.077}, "node14": {"x": 316.79, "y": 89.579}, "node15": {"x": 340.963, "y": 71.365}, "node16": {"x": 339.164, "y": 52.702}, "node17": {"x": 334.442, "y": 29.653}, "node18": {"x": 316.341, "y": 66.081}, "node19": {"x": 287.783, "y": 88.792}, "node20": {"x": 303.074, "y": 76.65}, "node21": {"x": 288.57, "y": 103.184}, "node22": {"x": 286.884, "y": 69.229}, "node23": {"x": 287.896, "y": 48.88}, "node24": {"x": 289.021, "y": 28.979}, "node25": {"x": 244.723, "y": 89.131}, "node26": {"x": 259.337, "y": 75.076}, "node27": {"x": 242.811, "y": 43.595}, "node28": {"x": 212.454, "y": 127.019}, "node29": {"x": 211.441, "y": 146.244}, "node30": {"x": 210.993, "y": 108.468}, "node31": {"x": 200.874, "y": 47.306}, "node32": {"x": 199.299, "y": 88.568}, "node33": {"x": 187.832, "y": 121.622}, "node34": {"x": 152.528, "y": 88.68}, "node35": {"x": 173.103, "y": 51.465}, "node36": {"x": 172.091, "y": 23.92}, "node37": {"x": 145.557, "y": 45.956}, "node38": {"x": 161.41, "y": 110.717}, "node39": {"x": 160.736, "y": 144.671}, "node40": {"x": 115.538, "y": 47.756}, "node41": {"x": 108.343, "y": 88.006}, "node42": {"x": 125.769, "y": 101.835}, "node43": {"x": 126.107, "y": 118.587}, "node44": {"x": 104.633, "y": 102.959}, "node45": {"x": 98.449, "y": 117.125}, "node46": {"x": 120.935, "y": 139.611}, "node47": {"x": 84.17, "y": 71.703}, "node48": {"x": 54.938, "y": 38.873}, "node49": {"x": 56.399, "y": 71.142}, "node50": {"x": 64.494, "y": 87.668}, "node51": {"x": 61.459, "y": 109.142}, "node52": {"x": 40.097, "y": 108.58}, "node53": {"x": 38.297, "y": 40.11}, "node54": {"x": 38.635, "y": 65.407}, "node55": {"x": 17.948, "y": 90.029}, "node56": {"x": 16.149, "y": 24.482}, "node57": {"x": 17.498, "y": 57.762}, "node58": {"x": -7.237, "y": 33.027}, "node59": {"x": -22.977, "y": 61.472}, "node60": {"x": -26.8, "y": 91.491}, "node61": {"x": -5.662, "y": 102.509}, "node62": {"x": -2.852, "y": 135.901}, "node63": {"x": 50.665, "y": 139.612}}}, "graph_filter": {"exits": [0, 1], "edges": [[0, 2, 36.54547329013541], [2, 0, 36.54547329013541], [2, 3, 22.110309133976372], [3, 2, 22.110309133976372], [3, 11, 19.524074190598654], [11, 3, 19.524074190598654], [4, 10, 21.48902345384735], [10, 4, 21.48902345384735], [5, 10, 12.54115501060408], [10, 5, 12.54115501060408], [6, 10, 18.20950795601022], [10, 6, 18.20950795601022], [9, 10, 19.739319770448024], [10, 9, 19.739319770448024], [8, 10, 14.270094323444411], [10, 8, 14.270094323444411], [7, 10, 16.30830622719603], [10, 7, 16.30830622719603], [10, 11, 24.80236184317939], [11, 10, 24.80236184317939], [13, 12, 16.853420810031416], [12, 13, 16.853420810031416], [12, 11, 31.931361151695334], [11, 12, 31.931361151695334], [14, 11, 25.30200197612829], [11, 14, 25.30200197612829], [17, 18, 40.67733256987238], [18, 17, 40.67733256987238], [16, 18, 26.4553769581913], [18, 16, 26.4553769581913], [15, 18, 25.18260391619581], [18, 15, 25.18260391619581], [14, 18, 23.502289356571193], [18, 14, 23.502289356571193], [19, 14, 29.017674234852116], [14, 19, 29.017674234852116], [20, 19, 19.525440968131804], [19, 20, 19.525440968131804], [20, 14, 18.849076820894968], [14, 20, 18.849076820894968], [21, 19, 14.413501760502195], [19, 21, 14.413501760502195], [21, 14, 31.328332624000303], [14, 21, 31.328332624000303], [24, 23, 19.932772662126062], [23, 24, 19.932772662126062], [23, 22, 20.37414893928087], [22, 23, 20.37414893928087], [22, 19, 19.583645472689707], [19, 22, 19.583645472689707], [25, 19, 43.06133440802782], [19, 25, 43.06133440802782], [26, 25, 20.275897538703422], [25, 26, 20.275897538703422], [27, 25, 45.57612357364325], [25, 27, 45.57612357364325], [26, 19, 31.580113552677446], [19, 26, 31.580113552677446], [25, 0, 54.48279421982686], [0, 25, 54.48279421982686], [29, 0, 35.411649848602096], [0, 29, 35.411649848602096], [28, 0, 38.08526031156936], [0, 28, 38.08526031156936], [28, 29, 19.251669901595545], [29, 28, 19.251669901595545], [32, 25, 45.427488869626075], [25, 32, 45.427488869626075], [30, 32, 23.081586513929235], [32, 30, 23.081586513929235], [30, 25, 38.879717964512054], [25, 30, 38.879717964512054], [32, 31, 41.292048496048245], [31, 32, 41.292048496048245], [33, 32, 34.9865546317439], [32, 33, 34.9865546317439], [34, 32, 46.771134099998065], [32, 34, 46.771134099998065], [35, 31, 28.080700169333372], [31, 35, 28.080700169333372], [36, 35, 27.563584110198732], [35, 36, 27.563584110198732], [35, 32, 45.41875190931604], [32, 35, 45.41875190931604], [35, 34, 42.5239561894234], [34, 35, 42.5239561894234], [37, 34, 43.288971078093326], [34, 37, 43.288971078093326], [39, 38, 33.96068892116294], [38, 39, 33.96068892116294], [38, 34, 23.759614748560207], [34, 38, 23.759614748560207], [38, 32, 43.88797696408437], [32, 38, 43.88797696408437], [41, 34, 44.190140314328026], [34, 41, 44.190140314328026], [41, 40, 40.88802422470423], [40, 41, 40.88802422470423], [42, 41, 22.24649898298606], [41, 42, 22.24649898298606], [42, 34, 29.81774817118152], [34, 42, 29.81774817118152], [43, 42, 16.755409514541874], [42, 43, 16.755409514541874], [46, 45, 31.80000616352141], [45, 46, 31.80000616352141], [45, 43, 27.696613655824425], [43, 45, 27.696613655824425], [42, 45, 31.307610895755055], [45, 42, 31.307610895755055], [44, 45, 15.45695351613635], [45, 44, 15.45695351613635], [47, 1, 33.57556626477057], [1, 47, 33.57556626477057], [48, 1, 28.06636552886747], [1, 48, 28.06636552886747], [49, 47, 27.77666578263129], [47, 49, 27.77666578263129], [49, 48, 32.30205693140918], [48, 49, 32.30205693140918], [50, 41, 43.85030267854488], [41, 50, 43.85030267854488], [49, 50, 18.40211131908511], [50, 49, 18.40211131908511], [50, 45, 44.95171714184008], [45, 50, 44.95171714184008], [51, 45, 37.84162244143345], [45, 51, 37.84162244143345], [51, 50, 21.687413423458306], [50, 51, 21.687413423458306], [52, 51, 21.369391381132033], [51, 52, 21.369391381132033], [52, 50, 32.1329325303496], [50, 52, 32.1329325303496], [54, 53, 25.2992579535448], [53, 54, 25.2992579535448], [54, 50, 34.12096132877854], [50, 54, 34.12096132877854], [55, 50, 46.60584123261804], [50, 55, 46.60584123261804], [57, 56, 33.30732953870665], [56, 57, 33.30732953870665], [58, 57, 34.98057246529851], [57, 58, 34.98057246529851], [59, 58, 32.50946977420579], [58, 59, 32.50946977420579], [59, 55, 49.903485589686014], [55, 59, 49.903485589686014], [58, 55, 62.317832351582965], [55, 58, 62.317832351582965], [56, 58, 24.89823329073772], [58, 56, 24.89823329073772], [60, 55, 44.77187675315834], [55, 60, 44.77187675315834], [61, 55, 26.705476966345316], [55, 61, 26.705476966345316], [62, 55, 50.36745361838338], [55, 62, 50.36745361838338], [63, 55, 59.40434309038355], [55, 63, 59.40434309038355]], "node_coordinates": {"0": {"x": 246.752, "y": 143.576}, "1": {"x": 82.995, "y": 38.148}, "2": {"x": 280.475, "y": 129.493}, "3": {"x": 302.512, "y": 127.694}, "4": {"x": 319.376, "y": 142.085}, "5": {"x": 335.791, "y": 142.31}, "6": {"x": 350.182, "y": 142.422}, "7": {"x": 328.034, "y": 116.226}, "8": {"x": 339.502, "y": 115.776}, "9": {"x": 350.295, "y": 115.214}, "10": {"x": 337.028, "y": 129.83}, "11": {"x": 317.24, "y": 114.877}, "12": {"x": 344.561, "y": 98.349}, "13": {"x": 328.258, "y": 94.077}, "14": {"x": 316.79, "y": 89.579}, "15": {"x": 340.963, "y": 71.365}, "16": {"x": 339.164, "y": 52.702}, "17": {"x": 334.442, "y": 29.653}, "18": {"x": 316.341, "y": 66.081}, "19": {"x": 287.783, "y": 88.792}, "20": {"x": 303.074, "y": 76.65}, "21": {"x": 288.57, "y": 103.184}, "22": {"x": 286.884, "y": 69.229}, "23": {"x": 287.896, "y": 48.88}, "24": {"x": 289.021, "y": 28.979}, "25": {"x": 244.723, "y": 89.131}, "26": {"x": 259.337, "y": 75.076}, "27": {"x": 242.811, "y": 43.595}, "28": {"x": 212.454, "y": 127.019}, "29": {"x": 211.441, "y": 146.244}, "30": {"x": 210.993, "y": 108.468}, "31": {"x": 200.874, "y": 47.306}, "32": {"x": 199.299, "y": 88.568}, "33": {"x": 187.832, "y": 121.622}, "34": {"x": 152.528, "y": 88.68}, "35": {"x": 173.103, "y": 51.465}, "36": {"x": 172.091, "y": 23.92}, "37": {"x": 145.557, "y": 45.956}, "38": {"x": 161.41, "y": 110.717}, "39": {"x": 160.736, "y": 144.671}, "40": {"x": 115.538, "y": 47.756}, "41": {"x": 108.343, "y": 88.006}, "42": {"x": 125.769, "y": 101.835}, "43": {"x": 126.107, "y": 118.587}, "44": {"x": 104.633, "y": 102.959}, "45": {"x": 98.449, "y": 117.125}, "46": {"x": 120.935, "y": 139.611}, "47": {"x": 84.17, "y": 71.703}, "48": {"x": 54.938, "y": 38.873}, "49": {"x": 56.399, "y": 71.142}, "50": {"x": 64.494, "y": 87.668}, "51": {"x": 61.459, "y": 109.142}, "52": {"x": 40.097, "y": 108.58}, "53": {"x": 38.297, "y": 40.11}, "54": {"x": 38.635, "y": 65.407}, "55": {"x": 17.948, "y": 90.029}, "56": {"x": 16.149, "y": 24.482}, "57": {"x": 17.498, "y": 57.762}, "58": {"x": -7.237, "y": 33.027}, "59": {"x": -22.977, "y": 61.472}, "60": {"x": -26.8, "y": 91.491}, "61": {"x": -5.662, "y": 102.509}, "62": {"x": -2.852, "y": 135.901}, "63": {"x": 50.665, "y": 139.612}}, "dec_nodes": {"node0": 0, "node1": 1, "node2": 2, "node3": 3, "node4": 4, "node5": 5, "node6": 6, "node7": 7, "node8": 8, "node9": 9, "node10": 10, "node11": 11, "node12": 12, "node13": 13, "node14": 14, "node15": 15, "node16": 16, "node17": 17, "node18": 18, "node19": 19, "node20": 20, "node21": 21, "node22": 22, "node23": 23, "node24": 24, "node25": 25, "node26": 26, "node27": 27, "node28": 28, "node29": 29, "node30": 30, "node31": 31, "node32": 32, "node33": 33, "node34": 34, "node35": 35, "node36": 36, "node37": 37, "node38": 38, "node39": 39, "node40": 40, "node41": 41, "node42": 42, "node43": 43, "node44": 44, "node45": 45, "node46": 46, "node47": 47, "node48": 48, "node49": 49, "node50": 50, "node51": 51, "node52": 52, "node53": 53, "node54": 54, "node55": 55, "node56": 56, "node57": 57, "node58": 58, "node59": 59, "node60": 60, "node61": 61, "node62": 62, "node63": 63}}}